138
26,25
1,1
1,2
1,3
1,18
1,19
1,20
1,21
1,22
1,23
1,24
2,1
2,2
2,3
2,4
2,18
2,19
2,20
2,21
2,22
2,23
2,24
3,1
3,2
3,3
3,4
3,18
3,19
3,20
3,21
3,22
3,23
3,24
4,1
4,2
4,3
4,4
4,20
4,21
4,22
4,23
4,24
5,1
5,2
5,3
5,4
5,22
6,1
6,2
6,3
6,22
7,1
8,1
9,1
10,1
11,1
11,2
11,23
12,1
12,2
12,22
12,23
13,1
13,2
13,20
13,21
13,22
13,23
13,24
14,1
14,2
14,19
14,20
14,21
14,22
14,23
14,24
15,1
15,2
15,19
16,1
16,2
17,1
17,11
17,12
17,13
17,14
18,1
18,12
19,1
19,23
20,1
20,2
21,1
21,2
21,3
21,16
21,17
22,1
22,2
22,3
22,16
22,17
23,1
23,2
23,3
23,11
23,12
23,13
23,14
23,15
23,16
23,17
24,1
24,2
24,3
24,15
24,21
24,22
24,23
24,24
25,1
25,2
25,3
25,4
25,19
25,20
25,21
25,22
25,23
25,24
26,1
26,2
26,3
26,19
26,20
26,21
26,22
26,23
